angle,count,time
149.89700089157387,0,0.3760042190551758
146.83232342077866,0,0.44637107849121094
145.54182532429894,0,0.549436092376709
146.995802719783,0,0.7146332263946533
147.25451563304853,0,0.8260750770568848
147.99035812656805,0,0.911445140838623
148.23496697076325,0,0.9754271507263184
147.45379762057092,0,1.036924123764038
147.7486962327529,0,1.1010851860046387
148.25993277728872,0,1.1665542125701904
149.0559414839118,0,1.234692096710205
149.39014261066603,0,1.3005001544952393
149.40707453355142,0,1.3765711784362793
148.95008662524916,0,1.4338459968566895
149.3166098424836,0,1.5010192394256592
149.42230772715075,0,1.5685091018676758
149.1324525673266,0,1.6338920593261719
149.6794645741049,0,1.7010371685028076
149.95841285534135,0,1.7666590213775635
149.85155840522464,0,1.8327312469482422
150.09069638532958,0,1.8999671936035156
149.51831881167124,0,1.9671471118927002
149.19871717529887,0,2.0325303077697754
149.2317368895747,0,2.0994701385498047
148.86266095294445,0,2.166065216064453
148.84466097660473,0,2.232539176940918
148.88736625386193,0,2.3055410385131836
148.88736625386193,0,2.3658862113952637
148.57309406824157,0,2.4323692321777344
148.05348083556345,0,2.4990949630737305
147.55933022766226,0,2.5657472610473633
147.102018679105,0,2.632652997970581
147.3262229825555,0,2.6987650394439697
149.41848189510708,0,2.765810251235962
150.1562799754785,0,2.832923173904419
149.26287795386142,0,2.9002861976623535
148.5506203250541,0,2.9661450386047363
146.92829179840305,0,3.0320441722869873
146.15016365615062,0,3.0989010334014893
145.09175551885087,0,3.1657731533050537
145.42702171379972,0,3.232128143310547
145.60341423377943,0,3.2992382049560547
145.98466267543293,0,3.3653461933135986
146.366063132687,0,3.432549238204956
146.58771582355254,0,3.4993021488189697
146.16488017754858,0,3.565237045288086
146.0532427049357,0,3.632585287094116
145.78173046619128,0,3.698683261871338
144.82034617030385,0,3.7654671669006348
144.56959917657758,0,3.8321452140808105
144.57041682723346,0,3.8986880779266357
145.78291397281959,0,3.965172290802002
149.23297715163943,0,4.032039165496826
147.75471163076287,0,4.098658084869385
146.2779740040961,0,4.165331125259399
145.34892125234728,0,4.231901168823242
147.18954317873624,0,4.298612356185913
145.6804757320171,0,4.365119934082031
143.7103697521721,0,4.431708097457886
145.8906095717029,0,4.498268127441406
146.2504201582688,0,4.5650410652160645
145.5681767689888,0,4.631596088409424
141.98067703287967,0,4.69818115234375
140.71105530045577,0,4.764793157577515
142.7348199382116,0,4.832823038101196
141.67666899021518,0,4.9001641273498535
136.07401532286383,0,4.965373277664185
135.41736566030968,0,5.032263278961182
135.52578455798675,0,5.099755048751831
147.16181554023484,0,5.166382074356079
148.89337344409998,0,5.233551025390625
146.53006356559433,0,5.300526142120361
148.621984654539,0,5.366209030151367
148.73467668384563,0,5.432214021682739
148.91644980190426,0,5.4980809688568115
147.83227424990238,0,5.564817190170288
147.07478869429931,0,5.63126015663147
146.73529578103216,0,5.697706937789917
147.01787545586893,0,5.764364004135132
142.07803070339875,0,5.831208229064941
143.7523169007502,0,5.899228096008301
141.99018033740674,0,5.964321136474609
142.32402896326371,0,6.031091213226318
143.9266590900978,0,6.097875118255615
146.77803277275987,0,6.172072172164917
137.49611355003313,0,6.231488943099976
137.4026562157886,0,6.297734260559082
138.58702452015012,0,6.3644490242004395
146.50224725689293,0,6.431296110153198
135.23935129603757,0,6.497584104537964
129.5711724092541,0,6.564068078994751
130.72104359667935,0,6.708150148391724
125.13529666035008,0,6.805379152297974
131.22086156726505,0,6.868027210235596
122.3482792387467,0,6.932377099990845
128.3280213343489,0,6.997037172317505
128.8423145992434,0,7.06495213508606
127.21305700377454,0,7.1304771900177
123.79175808562601,0,7.197394132614136
120.80243403745686,0,7.263777017593384
112.90519844994802,0,7.331611156463623
111.34942908387988,0,7.3980700969696045
112.63688518108164,0,7.476762056350708
115.15543354342392,0,7.532084941864014
96.6008674540341,0,7.597188234329224
92.05445716196948,0,7.664266109466553
47.71617037243067,0,7.730943202972412
58.94646331541143,0,7.7971460819244385
75.62861565331889,0,7.863767147064209
110.45938435892413,0,7.930385112762451
108.29629832498193,0,7.997928142547607
114.17329000832414,0,8.063538312911987
113.37696370202393,0,8.130019187927246
129.36505206042472,0,8.198031187057495
122.83987516681712,0,8.26364517211914
122.54488732139583,0,8.331621170043945
132.24146557751283,0,8.396789073944092
128.42673148820793,0,8.463550329208374
137.58879242461367,0,8.53286600112915
133.13644906631583,0,8.597233295440674
58.77461173990974,0,8.664859056472778
129.44795799424227,0,8.730014324188232
128.90678627308185,0,8.79781723022461
129.15150001632804,0,8.864084959030151
126.0159506503034,0,8.929846048355103
128.12416676462956,0,8.997672319412231
133.0352111813248,0,9.063161134719849
135.06368954982065,0,9.129791259765625
132.5288502676662,0,9.1996591091156
133.40556810619614,0,9.263352155685425
127.94858865493661,0,9.330137014389038
134.77671824664074,0,9.396397113800049
134.0730928166511,0,9.46312427520752
127.82730136688365,0,9.565193176269531
126.25860047887298,0,9.687599182128906
128.29216580800968,0,9.785683155059814
135.06126432447363,0,9.881851196289062
138.4415299597413,0,9.97167420387268
147.58051516272693,0,10.034929275512695
148.62480741634087,0,10.097487211227417
147.45098950394143,0,10.164577007293701
147.2678697833326,0,10.232766151428223
146.91576744416054,0,10.298988103866577
146.7153060395058,0,10.364077091217041
146.87197912833074,0,10.43163514137268
146.218862262278,0,10.498238325119019
145.91548348733187,0,10.56444001197815
145.76429138833768,0,10.630422115325928
145.66197855953646,0,10.699254989624023
145.44100089889568,0,10.76586103439331
145.64041326572516,0,10.832314252853394
145.63564182136335,0,10.898389101028442
145.84144956058364,0,10.963858127593994
145.7120094556707,0,11.029573202133179
145.60755990383893,0,11.09578800201416
145.58507314459555,0,11.16512417793274
146.03515740082045,0,11.231789112091064
146.5738622053798,0,11.29887318611145
146.00347278696378,0,11.365058183670044
145.50234639537294,0,11.431763172149658
144.10927298888447,0,11.498839139938354
141.1024235075189,0,11.564889192581177
141.82352056644106,0,11.631232976913452
142.95399496652132,0,11.698271989822388
144.4682614188884,0,11.764753103256226
141.90711110205547,0,11.831313133239746
141.68957433178375,0,11.897845029830933
153.21174333428957,0,11.964850187301636
215.31819136914606,0,12.03085994720459
264.024963763923,0,12.098599195480347
272.7150624501467,0,12.164198160171509
269.0821367597224,0,12.231235027313232
256.01235246822955,0,12.29744815826416
223.63947438915832,0,12.363875150680542
213.50784621550514,0,12.4310781955719
212.76041500853233,0,12.498761177062988
209.5469281752546,0,12.563351154327393
210.66107810109915,0,12.631785154342651
212.00356509570835,0,12.697890996932983
219.59328723615087,0,12.764061212539673
222.69870381841335,0,12.832004070281982
224.73971900687386,0,12.897012948989868
225.21389650324687,0,12.963540315628052
218.61444636258543,0,13.031376123428345
213.39052286861624,0,13.095645189285278
208.45010520999986,0,13.164021015167236
209.0981839125151,0,13.229624032974243
209.05656673699824,0,13.298424005508423
202.76739667147015,0,13.366749286651611
201.23929862884137,0,13.429228067398071
203.5799461670342,0,13.499295949935913
201.19405648154228,0,13.564311981201172
196.42524842601867,0,13.630737066268921
196.32394329612933,0,13.697392225265503
191.48860896189706,0,13.763988971710205
194.38740285528712,0,13.831118106842041
188.62462824461718,0,13.896661043167114
157.29065122269694,0,13.964603185653687
148.93814498935447,0,14.030172109603882
148.73226849985977,0,14.094862222671509
153.83658473709806,0,14.16142201423645
157.76380924313958,0,14.231182098388672
151.46968825100146,0,14.297475099563599
136.6621680438714,0,14.363628149032593
147.83949772413496,0,14.430531024932861
155.35125960222305,0,14.499478101730347
157.15039718484275,0,14.562461137771606
160.31467073617316,0,14.630856275558472
157.10374731268945,0,14.696312189102173
170.58950590911266,0,14.76236629486084
171.75328254643506,0,14.831382989883423
127.37683960039378,0,14.897119045257568
127.73448827955572,0,14.96311902999878
131.08093689395523,0,15.030517101287842
134.65011736062561,0,15.095402002334595
136.6065040307573,0,15.163241147994995
138.06492898094862,0,15.230679988861084
138.8580236523153,0,15.297214269638062
140.51842467965426,0,15.363371133804321
140.8828331187506,0,15.430140256881714
140.6925841140256,0,15.494976043701172
138.7068320904371,0,15.563844203948975
138.91528753039847,0,15.630125045776367
142.06477302991314,0,15.696949005126953
144.86697844426016,0,15.76315712928772
146.78653760862449,0,15.830260992050171
145.1374082159138,0,15.895543098449707
146.89954692871555,0,15.963404178619385
148.08751679177627,0,16.030115127563477
146.88773282478618,0,16.096781015396118
145.4027080883872,0,16.163387060165405
138.7940553684935,0,16.23008418083191
133.6441249771124,0,16.294422149658203
132.69489259166576,0,16.363665103912354
136.17261923373306,0,16.428972005844116
135.31425861711153,0,16.496946096420288
133.5269406793982,0,16.56261920928955
137.6542024156336,0,16.630242109298706
137.38779497230917,0,16.695170164108276
137.10206316799912,0,16.763669967651367
140.19579747563685,0,16.829200267791748
140.24591175862994,0,16.896156072616577
144.5739966471938,0,16.962860107421875
143.71556851134125,0,17.02957010269165
140.20673602375498,0,17.095059156417847
139.1226825647699,0,17.16283917427063
138.55087169823818,0,17.229701042175293
138.2831820693097,0,17.296082258224487
136.73591473402178,0,17.36227512359619
138.20641896353226,0,17.429233074188232
140.08403928425702,0,17.496260166168213
140.9701847622294,0,17.562756061553955
140.54464860856442,0,17.62961721420288
141.08664916869824,0,17.69606113433838
144.35064273302507,0,17.76312017440796
151.32855500043735,0,17.82936120033264
148.7119064377219,0,17.895828247070312
147.56929775058958,0,17.962697982788086
147.13531836667866,0,18.029285192489624
151.1849956025213,0,18.094768047332764
152.70696030633698,0,18.16272211074829
147.0212869219801,0,18.22902512550354
144.9864342501286,0,18.295337200164795
145.4472580301939,0,18.361369132995605
148.68498215427024,0,18.428957223892212
144.70436745810377,0,18.495692014694214
140.76479623653825,0,18.562754154205322
135.49568996392765,0,18.62924313545227
137.3068881940519,0,18.694272994995117
147.27771761822763,0,18.762017965316772
147.2600403875263,0,18.828543186187744
150.10237919626445,0,18.895729064941406
152.38618146183532,0,18.961929321289062
156.06618521721052,0,19.028772115707397
160.4364984597048,0,19.095116138458252
161.08701883985077,0,19.16188907623291
158.31572178850467,0,19.228785276412964
159.6375087575391,0,19.29537320137024
160.07466540939635,0,19.361652135849
160.473092302325,0,19.428001165390015
158.816259496575,0,19.492995023727417
171.6421675142425,0,19.558821201324463
167.3876161290613,0,19.62915825843811
164.912271153572,0,19.695171117782593
165.13460832831043,0,19.761868000030518
166.64761222039854,0,19.82866096496582
155.68476603396158,0,19.894762992858887
152.1177396523645,0,19.961785078048706
151.78996336178668,0,20.02789807319641
131.95389892467261,0,20.095171213150024
135.27806939400463,0,20.161083221435547
133.95643599223305,0,20.228442192077637
137.67036291457694,0,20.293682098388672
137.5345957106395,0,20.361424207687378
138.10054542505247,0,20.428269147872925
139.24641097907096,0,20.49492120742798
139.6148036187206,0,20.561764240264893
139.92890115747701,0,20.62868309020996
139.8385732806395,0,20.69529128074646
140.0021287212661,0,20.759396076202393
140.51303183437804,0,20.826215267181396
140.64133161286128,0,20.89493703842163
140.2122702243581,0,20.961137294769287
141.11578005295473,0,21.028265953063965
140.0123984110564,0,21.094696283340454
140.21036880135233,0,21.161026000976562
141.3515222376349,0,21.224871158599854
141.5536846124687,0,21.29392099380493
143.50123292812987,0,21.36056423187256
143.46453133685657,0,21.427628993988037
143.4179017913593,0,21.49463391304016
145.1901199090918,0,21.56111717224121
147.97566298546369,0,21.63492512702942
146.9743497318906,0,21.694504261016846
144.7257631450825,0,21.760878086090088
144.64312395799948,0,21.828238010406494
143.81895421690163,0,21.89222025871277
143.73844026390753,0,21.960873126983643
139.89607074248426,0,22.02795910835266
141.41110331957262,0,22.09377932548523
139.86994171628112,0,22.16109323501587
142.87089594095806,0,22.22772717475891
141.19184002230503,0,22.293606281280518
140.99680224696266,0,22.359929084777832
139.61090506632826,0,22.42742395401001
139.2536638231156,0,22.494468212127686
139.6138276830805,0,22.56086230278015
138.6696654253528,0,22.627125024795532
138.47132105058697,0,22.694393157958984
139.51726788321065,0,22.76061201095581
139.51726788321065,0,22.827840089797974
141.39630217430658,0,22.894145965576172
140.65610682570977,0,22.960368156433105
137.6195809942553,0,23.027270078659058
137.4599732759368,0,23.093749046325684
137.5403655880936,0,23.16058611869812
137.93416803091836,0,23.227240324020386
138.1065998362725,0,23.293121099472046
139.26360083854328,0,23.36057710647583
140.2849052032579,0,23.426324367523193
141.67751815090148,0,23.494023084640503
141.77770342661188,0,23.560450077056885
141.0318109557544,0,23.62699317932129
141.00030420399403,0,23.693596124649048
140.80737174316246,0,23.759658098220825
140.97726828369568,0,23.82713222503662
141.3323615119892,0,23.893839120864868
141.2233254297598,0,23.959848165512085
140.73057861219806,0,24.026849031448364
140.57376171677794,0,24.09268617630005
139.8840627885713,0,24.16041111946106
139.67160574224383,0,24.226442098617554
140.3572282605983,0,24.293041229248047
141.3050207737612,0,24.360213041305542
141.61432135088378,0,24.426295042037964
141.6110298209799,0,24.493484020233154
141.52868469297698,0,24.559783220291138
141.05097063225122,0,24.62721300125122
141.0011094342511,0,24.692825078964233
140.5646451147698,0,24.759786128997803
139.9530792341554,0,24.826152324676514
140.04588462699704,0,24.89345097541809
139.82358233004675,0,24.959832191467285
140.3493206150051,0,25.026491165161133
140.55059832791895,0,25.092461109161377
140.96060804297946,0,25.159775018692017
140.7978997001403,0,25.226195335388184
142.06484020380094,0,25.29192018508911
142.28663710506373,0,25.359828233718872
142.69863411688823,0,25.425840139389038
143.07463052201166,0,25.49294424057007
142.41213793087334,0,25.559484243392944
142.36488504390684,0,25.62599802017212
143.11976547175013,0,25.69302010536194
143.16513881624113,0,25.75880718231201
142.81100716486313,0,25.82649326324463
142.41072699358207,0,25.892996072769165
141.16553772321794,0,25.95964002609253
139.96367159673,0,26.025819063186646
138.7351010547938,0,26.092690229415894
138.68302800065013,0,26.157143115997314
139.4289863997661,0,26.22639012336731
140.4583571288315,0,26.29124402999878
140.91522828952557,0,26.359539270401
141.4469539444215,0,26.424423217773438
141.6960190244166,0,26.492645263671875
141.50112366455016,0,26.559967041015625
142.03987674985783,0,26.625564098358154
142.2652899404195,0,26.692257165908813
142.08664545569087,0,26.75903630256653
143.36226548734396,0,26.825802087783813
143.36226548734396,0,26.89248013496399
145.2137090892281,0,26.958628177642822
145.39299159981607,0,27.02589511871338
144.393911519065,0,27.092026233673096
143.14243880798372,0,27.158899307250977
143.10411739443018,0,27.224961042404175
143.98749697955623,0,27.291646242141724
143.39298658627513,0,27.35879397392273
142.69290039614137,0,27.425093173980713
144.39982271762565,0,27.492090225219727
149.37433144090528,0,27.5587100982666
147.44907792619566,0,27.625563144683838
146.9569557495734,0,27.691474199295044
147.62238023659992,0,27.75800108909607
147.36383960497196,0,27.82526731491089
146.86199376958515,0,27.89098596572876
144.50448525652732,0,27.958653211593628
142.90857231199692,0,28.02475619316101
143.24521938770815,0,28.092276334762573
143.30485416973184,0,28.158323287963867
143.75962505282666,0,28.224767923355103
161.5879468330143,0,28.291306018829346
180.45759289994533,0,28.35864496231079
165.02519320084934,0,28.423808097839355
158.79399340160467,0,28.492181062698364
157.5130225536105,0,28.556801080703735
147.71303787652656,0,28.623058319091797
144.17134241227615,0,28.689285039901733
143.0838520101513,0,28.75700807571411
143.26210205630946,0,28.823941230773926
142.99264950185085,0,28.89190912246704
141.8747826703353,0,28.957979202270508
138.61688741463388,0,29.02512812614441
138.75317832467005,0,29.091121196746826
138.56447846703506,0,29.158438205718994
139.0041729407094,0,29.224804162979126
139.40162941754636,0,29.290871143341064
143.75455241361274,0,29.3582820892334
150.39077497319937,0,29.424254179000854
144.23752367377205,0,29.489267110824585
140.82969582289024,0,29.556824207305908
139.88251108193697,0,29.624837160110474
139.84734957455976,0,29.690912008285522
139.1211631271243,0,29.75761103630066
138.77148236477424,0,29.825438976287842
146.87813645288387,0,29.890949249267578
149.71986558483894,0,29.957802057266235
148.3020053678752,0,30.024062156677246
141.00050791760012,0,30.091122150421143
139.81802061826625,0,30.157715320587158
138.84103161259802,0,30.22433614730835
137.88568375115207,0,30.290035247802734
139.52347215890168,0,30.35764503479004
149.280503191461,0,30.42397117614746
142.59189154943817,0,30.490893125534058
151.421200761626,0,30.556196212768555
145.77034776326246,0,30.624492168426514
142.50940656401872,0,30.690929174423218
140.15482583519588,0,30.75739312171936
140.1370066150962,0,30.824408054351807
139.71581165546402,0,30.890849113464355
140.9103658431179,0,30.95690107345581
141.47009904204583,0,31.023900270462036
141.8687267283232,0,31.08866810798645
141.60573809302127,0,31.157905101776123
141.87758598477473,0,31.22341012954712
141.71271905232385,0,31.28783106803894
141.434629931027,0,31.35737705230713
140.3315796856011,0,31.42205810546875
139.92431546366487,0,31.490791082382202
140.86942469320056,0,31.557051181793213
140.87389921946607,0,31.623932123184204
139.7036147042932,0,31.690396308898926
138.99596558678755,0,31.756805181503296
137.5320629488198,0,31.823793172836304
136.59491016335036,0,31.890212059020996
136.96637081642552,0,31.95705223083496
137.31912249587737,0,32.02384829521179
138.42812597353057,0,32.09004998207092
138.2381600708743,0,32.15680003166199
138.60560185190687,0,32.2231011390686
142.05784664988107,0,32.28957223892212
141.91122711902466,0,32.35703110694885
140.49501055215885,0,32.42386817932129
141.2756331484274,0,32.49028205871582
141.46227063683907,0,32.556220293045044
140.563208820744,0,32.6227331161499
140.19442890773482,0,32.689385175704956
139.82521692710984,0,32.75659918785095
139.97846223400566,0,32.823023080825806
141.02048666774434,0,32.88974905014038
142.2288744572609,0,32.955830097198486
142.02927526733436,0,33.023290157318115
141.3079445468036,0,33.08969593048096
140.94570539079163,0,33.15632915496826
143.2906269099958,0,33.223156213760376
144.8610735051965,0,33.288105964660645
145.548798589317,0,33.35581111907959
145.57941036729636,0,33.42223310470581
148.5885113948925,0,33.48963928222656
149.8695365562321,0,33.55643701553345
150.01319799921257,0,33.622777223587036
149.98385848270632,0,33.689409017562866
147.3186583834244,0,33.75629425048828
145.53797429002418,0,33.82293128967285
144.91874174849121,0,33.88693308830261
142.13432904094083,0,33.95651412010193
146.33264906132925,0,34.023133277893066
146.38272442836666,0,34.08921217918396
146.37218674957592,0,34.15602397918701
145.6153557279482,0,34.22302508354187
146.6803120450527,0,34.288724184036255
147.7908214092738,0,34.35648727416992
149.27705845262957,0,34.42278027534485
148.83199782751504,0,34.489044189453125
147.24842264993785,0,34.554283142089844
147.6532738871358,0,34.62297320365906
148.53664442219008,0,34.68915295600891
148.97582614812674,0,34.75568413734436
149.33192379441084,0,34.819462060928345
159.70448402029032,0,34.88933300971985
162.85066686713049,0,34.955390214920044
176.55682444145344,0,35.022571086883545
161.57068886076667,0,35.08896994590759
145.21970973266232,0,35.15579319000244
145.15755984510278,0,35.22220802307129
144.88962206294036,0,35.28835201263428
142.47375563970522,0,35.355273962020874
142.41974512540287,0,35.422452211380005
144.3760950771415,0,35.4892041683197
143.51335443229925,0,35.55556917190552
145.67297736389787,0,35.621628284454346
145.85623615759008,0,35.688987255096436
141.98836964816357,0,35.75402331352234
144.15648164179373,0,35.81986093521118
144.07465121337628,0,35.888875007629395
145.55410831607443,0,35.95530414581299
147.12838793570882,0,36.02185106277466
149.9281397114115,0,36.088420152664185
146.2733141528276,0,36.15524196624756
144.79560614428058,0,36.22192096710205
142.82745636703345,0,36.28890514373779
141.08760923592277,0,36.355433225631714
141.50095332720937,0,36.42221117019653
141.09603507246686,0,36.48839497566223
140.23026251347667,0,36.55522036552429
142.44432430205774,0,36.621559143066406
146.66654715204947,0,36.6884241104126
153.83619678655506,0,36.754993200302124
228.75377770708417,0,36.821744203567505
253.8919974176252,0,36.888445138931274
293.9545183120495,0,36.95539712905884
146.38458995853165,0,37.02129626274109
142.6282387582974,0,37.088364124298096
137.28809289827126,0,37.15482807159424
133.91718277009977,0,37.219282150268555
140.58512202179674,0,37.28691506385803
140.41706281620463,0,37.354548931121826
141.7858762617101,0,37.42137598991394
142.38943056550104,0,37.48656606674194
146.71167925982712,0,37.55172300338745
147.43399739952375,0,37.6210880279541
147.43846124524788,0,37.68829798698425
143.5301350619076,0,37.754446029663086
142.3810405231694,0,37.81921195983887
143.1736144419887,0,37.887529134750366
142.7351547289653,0,37.955077171325684
140.67346585498595,0,38.02118229866028
140.7375257113546,0,38.08719730377197
139.36452273231563,0,38.154967069625854
140.1701121654611,0,38.22085213661194
137.84798966065526,0,38.28756308555603
142.72607590768732,0,38.35819625854492
144.0032293445888,0,38.42096996307373
145.10760092035503,0,38.485565185546875
146.02357781475922,0,38.55140805244446
146.42266919954017,0,38.65611124038696
146.84733698843826,0,38.720962047576904
146.38739719151513,0,38.78529405593872
146.0796802279171,0,38.85301113128662
145.89883402151733,0,38.955029010772705
145.89025735933578,0,39.023766040802
145.71201256512376,0,39.088255167007446
144.1008660599097,0,39.153353214263916
144.28848567638624,0,39.219603300094604
143.95575418988355,0,39.286134004592896
143.76821941553965,0,39.352790117263794
143.86895171032316,0,39.41804003715515
144.41646484426414,0,39.485331296920776
144.55188858045713,0,39.55191922187805
145.36978546541047,0,39.618415117263794
146.36798041821527,0,39.686071157455444
145.97743526720367,0,39.75186204910278
144.78481301846034,0,39.818061113357544
144.27932768648773,0,39.88504600524902
144.34348731188004,0,39.953269958496094
146.4665987666147,0,40.02155423164368
146.6590549413722,0,40.08466911315918
147.24224814963145,0,40.15108609199524
148.17820298992063,0,40.26404809951782
148.72909702538436,0,40.33124399185181
148.85688692055314,0,40.38542103767395
148.59290292040055,0,40.45333218574524
149.07916968541508,0,40.51988124847412
149.07608079763367,0,40.58512616157532
148.79986599157675,0,40.66457009315491
149.27840456635911,0,40.717828035354614
149.53062659392657,0,40.78896927833557
148.26396122743586,0,40.85249614715576
147.61357516723473,0,40.92007613182068
147.4504537434948,0,40.9859402179718
148.0919076341832,0,41.05169200897217
148.78373769016733,0,41.11881494522095
149.0080513030179,0,41.18402099609375
149.25426746282574,0,41.252116203308105
149.11737736114384,0,41.318331241607666
148.10945447590348,0,41.38539695739746
147.56977162411252,0,41.452911138534546
146.73843229675012,0,41.51969003677368
146.57800583235675,0,41.59831213951111
147.59868057635822,0,41.69018006324768
146.35216207481014,0,41.75723624229431
144.33665830730249,0,41.8218092918396
144.0314766905825,0,41.88607621192932
143.53356477312403,0,41.95427703857422
144.33661596128272,0,42.04196500778198
145.618403664139,0,42.12382626533508
144.98906225687233,0,42.18589425086975
142.63953931783345,0,42.3343710899353
140.14110706464783,0,42.43039011955261
141.73829290513652,0,42.55990219116211
143.36431876013697,0,42.77978706359863
145.89638744111735,0,42.907742977142334
146.67500167938877,0,42.99257802963257
148.12591039820555,0,43.05351233482361
148.02227506290805,0,43.1197292804718
145.78364349863912,0,43.18500518798828
145.5261729222883,0,43.25134015083313
145.23469058940654,0,43.31907033920288
144.50177367283288,0,43.38660717010498
145.17175546653203,0,43.45219302177429
144.04433294704688,0,43.51711821556091
140.5990906074425,0,43.58489012718201
138.1665471666847,0,43.652416944503784
132.21341883809106,0,43.71719026565552
128.39080159879038,0,43.785375118255615
130.61270633585835,0,43.851598024368286
130.55409231089703,0,43.91848015785217
130.0540220363518,0,43.98548126220703
131.85447031240457,0,44.05125021934509
132.211750271488,0,44.11704230308533
135.43165398438634,0,44.18519902229309
147.80039455444668,0,44.2517511844635
147.96679772437457,0,44.319069147109985
151.28375526272782,0,44.38367819786072
152.82039921204432,0,44.48863410949707
154.3256441886484,0,44.55835795402527
153.40434437964376,0,44.619288206100464
154.2604979993274,0,44.70814824104309
148.79200794874416,0,44.79036808013916
149.09703663042941,0,44.857321977615356
149.12034688937925,0,44.92753720283508
145.78556633765956,0,44.98927402496338
147.50214963952962,0,45.051963090896606
146.0283840585903,0,45.12242317199707
143.84476763732968,0,45.18417310714722
136.86478525933902,0,45.25442814826965
135.1665431970079,0,45.32075524330139
133.4538122455498,0,45.38549304008484
129.77869716291474,0,45.451905965805054
133.36455765008088,0,45.52081608772278
137.09187966310574,0,45.58576512336731
144.5245002530268,0,45.84618806838989
146.89228596208963,0,45.923100233078
147.9910357977083,0,45.983705043792725
147.42799412489651,0,46.060171127319336
149.53417431205244,0,46.21349501609802
150.08541194628654,0,46.32311701774597
150.5376456670668,0,46.706156969070435
153.6045308296367,0,46.84728026390076
154.33962941037552,0,46.937151193618774
155.93116746746315,0,47.032387018203735
154.9419852064246,0,47.14410710334778
152.8029587985289,0,47.24820613861084
152.7293934964432,0,47.345175981521606
152.89024221892114,0,47.45754432678223
153.00998746465118,0,47.60631227493286
153.2262794837675,0,47.728429079055786
152.36059008786364,0,47.846275091171265
152.24855730552952,0,48.02453303337097
151.69795479192237,0,48.17353916168213
151.94022876200435,0,48.29422998428345
151.8613743441926,0,48.40305304527283
150.91467663071188,0,48.50154519081116
150.09462139119992,0,48.61907505989075
149.93483254570828,0,48.7304470539093
148.85793767576143,0,48.879043102264404
148.6490673451298,0,49.01242017745972
149.57263072625008,0,49.127788066864014
150.41829598922197,0,49.22537016868591
150.41829598922197,0,49.28768825531006
150.7661293554035,0,49.34972810745239
150.95806158263213,0,49.4164981842041
150.7785793008188,0,49.49380922317505
150.8221559756251,0,49.69203519821167
151.30466742478242,0,49.77833127975464
151.8913515263028,0,49.880189180374146
151.77810601976716,0,49.983344078063965
152.14657141480293,0,50.075786113739014
152.3627287682643,0,50.16316103935242
152.20909227020184,0,50.25716710090637
153.19426402878918,0,50.330748081207275
153.90392566614395,0,50.415364027023315
154.00159000257034,0,50.48379421234131
154.8177833098384,0,50.548036098480225
154.13228385806545,0,50.61429023742676
153.38562516503174,0,50.682833194732666
153.73836765935545,0,50.751574993133545
155.64130437756225,0,50.81397008895874
156.466065448429,0,50.882431983947754
156.54565526935963,0,50.94826316833496
157.19091218445013,0,51.01544904708862
157.8140942423092,0,51.08164191246033
157.8277411651918,0,51.148030281066895
155.3431491654503,0,51.21590709686279
154.92077068447998,0,51.282299280166626
155.51984116214027,0,51.3482711315155
155.56531133188406,0,51.414159059524536
155.70367712421663,0,51.48108792304993
155.7931626125834,0,51.54682016372681
155.7676821766078,0,51.61374306678772
155.6564896713556,0,51.68054914474487
155.82924648637268,0,51.746692180633545
156.28914357370525,0,51.81431603431702
157.23319776664434,0,51.88078308105469
157.4414707683798,0,51.949546098709106
157.09983204072685,0,52.01585006713867
156.5662092258616,0,52.08033108711243
155.70411357359603,0,52.149280071258545
155.43412579389403,0,52.214038133621216
155.16572616036095,0,52.28035092353821
154.5622829799396,0,52.347712993621826
151.54136578350767,0,52.414292335510254
154.38078999733145,0,52.4814190864563
153.87100208500559,0,52.54782319068909
154.90394365729128,0,52.616888999938965
154.4216882850803,0,52.68812894821167
154.70219583114832,0,52.74771809577942
153.6891108266111,0,52.814988136291504
153.7581059854059,0,52.882508993148804
154.54010312393274,0,52.94858002662659
155.01650426013362,0,53.01554608345032
154.6180067385808,0,53.079862117767334
154.7001181904685,0,53.1485071182251
155.38626630036543,0,53.21344518661499
156.6043286867771,0,53.28020906448364
156.37306368376443,0,53.34840416908264
155.48416768999758,0,53.41299295425415
155.4691129975845,0,53.480877161026
155.653378206002,0,53.547285079956055
155.8294664356103,0,53.61537313461304
156.3397136921364,0,53.682600259780884
156.11764942489165,0,53.749664068222046
156.6395416952323,0,53.81417107582092
151.0011706630313,0,53.88252806663513
153.81128098380697,0,53.95362710952759
156.78715991632322,0,54.01887607574463
159.19154231857783,0,54.0863242149353
159.99727558860036,0,54.15261912345886
159.97200175719456,0,54.21379828453064
159.57506617516376,0,54.27939510345459
159.33865888487844,0,54.3468451499939
153.83671108971464,0,54.43107032775879
152.83065986531608,0,54.545140981674194
154.35175066685673,0,54.64874315261841
155.44496650278964,0,54.978785037994385
159.87064084189814,0,55.09544110298157
159.53864936197996,0,55.196688175201416
158.97023496343658,0,55.291213035583496
159.20876176344726,0,55.362449169158936
158.73924886363275,0,55.475038290023804
158.7857900636602,0,55.57657313346863
159.56449303414183,0,55.66499710083008
159.77225019037473,0,55.755632162094116
159.38952230364384,0,55.81735324859619
158.9084438555073,0,55.88376593589783
158.53498484131907,0,55.94720506668091
159.1009485978999,0,56.01255393028259
158.8184548082719,0,56.07972192764282
158.75937472657077,0,56.19578433036804
158.13773374407452,0,56.279497146606445
158.0187621124079,0,56.3462450504303
158.0187621124079,0,56.41768026351929
157.87466938585828,0,56.47897815704346
157.85951978824386,0,56.545876264572144
156.66564136599683,0,56.61186718940735
156.66677042799964,0,56.67908024787903
156.88374760507168,0,56.74461007118225
156.94238360009226,0,56.8144371509552
157.01489799869717,0,56.8787739276886
156.7491653306922,0,56.94590520858765
156.50400930779705,0,57.01851010322571
156.75687951151943,0,57.08510208129883
157.10181475090883,0,57.150346994400024
156.58952047356252,0,57.21475028991699
156.08837933307234,0,57.28016114234924
156.00790165619827,0,57.3473699092865
155.79648196283574,0,57.416423082351685
155.70968865785713,0,57.48481011390686
156.02145229158873,0,57.54979610443115
156.0898410852795,0,57.625898122787476
155.4250126530412,0,57.723934173583984
155.18720437512093,0,57.782297134399414
155.22289964393897,0,57.8521831035614
155.53317817372115,0,57.917649269104004
156.08745679258047,0,57.98762917518616
156.5505855514591,0,58.04719305038452
156.35170564339913,0,58.15011024475098
155.44784423086483,0,58.29514527320862
155.86375136715435,0,58.447850942611694
156.04761847789484,0,58.72813105583191
156.81400221267475,0,58.864246129989624
156.41213343084218,0,58.97005915641785
157.07436926798513,0,59.05741214752197
157.46352366723832,0,59.15231513977051
158.378351642751,0,59.21870732307434
158.35713265599568,0,59.286498069763184
158.72694947901002,0,59.355135917663574
158.89088207442188,0,59.41633725166321
159.64251168647976,0,59.485151052474976
160.29635008672867,0,59.5508451461792
160.95904282419826,0,59.63030815124512
161.4128660961619,0,59.71708416938782
161.45849457164712,0,59.784401178359985
162.02082801191625,0,59.84590411186218
161.97604556831124,0,59.91792416572571
162.96294537783137,0,59.988502979278564
163.05342984090095,0,60.05519509315491
162.17795412339217,0,60.128294229507446
161.07636310144068,0,60.42224097251892
160.13030484105303,0,60.56139421463013
159.7721813938581,0,60.695672035217285
154.143410826814,0,60.7845561504364
151.76659556559505,0,60.84644293785095
159.00352750803913,0,60.909863233566284
159.8828746790256,0,60.97927904129028
160.90064121260778,0,61.045695304870605
161.86570523484951,0,61.111104011535645
162.93114991830942,0,61.17919993400574
162.2065841359265,0,61.24394702911377
162.20831388169393,0,61.310397148132324
162.561518841178,0,61.37716817855835
162.69990520593115,0,61.44859528541565
163.19361280295124,0,61.512127161026
163.4390948041577,0,61.579020977020264
163.96259517063146,0,61.64451813697815
164.17213403405188,0,61.71357011795044
164.1845352793185,0,61.77689218521118
164.14587289567038,0,61.84304928779602
163.65017001966916,0,61.912217140197754
162.73863875698603,0,61.97683024406433
162.25838386392783,0,62.04579019546509
162.14710741855527,0,62.11049699783325
162.3906537362719,0,62.17761826515198
162.25527423994376,0,62.247929096221924
162.52039781175145,0,62.312772035598755
162.59120742091045,0,62.379554986953735
162.22036648402215,0,62.443719148635864
162.64796206083057,0,62.5095911026001
163.1736428616066,0,62.57650113105774
163.32881511871602,0,62.64296007156372
163.2155221990853,0,62.70979619026184
162.38242190320537,0,62.77850794792175
161.90745580523523,0,62.84296011924744
162.27195109501582,0,62.91047024726868
162.51594355932394,0,62.97818112373352
162.3622979988433,0,63.04215335845947
162.157404586979,0,63.11084008216858
163.00984693288305,0,63.17655324935913
162.88475810116256,0,63.25012397766113
163.24265351001975,0,63.30880308151245
163.12179574592065,0,63.376429080963135
164.31831401743335,0,63.4437050819397
164.6837272463174,0,63.508952140808105
165.14019338801324,0,63.57754611968994
165.2369771576745,0,63.642691135406494
164.49943231135447,0,63.708938121795654
163.2436590059706,0,63.77822017669678
163.03301658368065,0,63.842353105545044
163.30955356397158,0,63.90998029708862
163.74064972566973,0,63.977190256118774
164.2713706527214,0,64.0420970916748
164.7507067378279,0,64.11199617385864
164.66730949974183,0,64.17852306365967
165.00512808733424,0,64.24423718452454
165.00512808733424,0,64.31108808517456
164.8906228502723,0,64.3833372592926
164.49035072749083,0,64.4442150592804
164.3779256835489,0,64.5278091430664
163.99735177143398,0,64.61040115356445
158.31699932405178,0,64.68244314193726
160.4500060463033,0,64.74224424362183
161.565051177078,0,64.81002807617188
162.39790743979222,0,64.87722420692444
163.17263482679664,0,64.94397211074829
163.3641079952893,0,65.010507106781
163.14222652134836,0,65.07549214363098
163.05297578868542,0,65.14333319664001
162.92711561306444,0,65.20841813087463
163.09604957751267,0,65.27786803245544
163.16354738387471,0,65.3420033454895
162.36175306438784,0,65.40977096557617
161.5442430142805,0,65.47707414627075
161.62831381635098,0,65.54108309745789
161.6579506165656,0,65.60798907279968
160.8172779167652,0,65.67719221115112
153.74452265237636,0,65.74434304237366
151.6140200207308,0,65.81114912033081
154.2534571036737,0,65.8913950920105
157.10353477217828,0,65.98779702186584
157.4967184456399,0,66.05299711227417
159.14026436360155,0,66.163733959198
154.99683044653054,0,66.27908515930176
153.15328134834402,0,66.36470293998718
158.24559706787994,0,66.45296716690063
160.022564791082,0,66.5143551826477
161.48020593505638,0,66.58005714416504
162.1806072732121,0,66.64400100708008
162.4773596910902,0,66.70988726615906
162.1198758400539,0,66.77416610717773
161.39107426057126,0,66.84154415130615
161.07270203625623,0,66.90755915641785
160.87825338959001,0,66.97474026679993
160.92341230194114,0,67.04298424720764
160.88485801570593,0,67.1086802482605
154.79429842574092,0,67.18014907836914
153.4707129499604,0,67.24360013008118
153.04191231171401,0,67.30765318870544
158.88335042151323,0,67.37388801574707
154.71312973541495,0,67.4513041973114
153.4755670715341,0,67.50804305076599
158.34271583628296,0,67.57550835609436
159.57625334590549,0,67.64061307907104
159.8619658667928,0,67.70715999603271
160.22111519369136,0,67.77523922920227
159.71336808524745,0,67.84610724449158
159.62906300155834,0,67.90824317932129
159.5875504967038,0,67.97610020637512
159.32109129027347,0,68.04151010513306
159.03105496604445,0,68.10982322692871
158.6333043955267,0,68.1737310886383
158.64105034749625,0,68.24056816101074
158.77750078510607,0,68.30798411369324
158.37820094529422,0,68.37406516075134
152.91812781984996,0,68.44112420082092
155.49890278829065,0,68.50748705863953
156.2018868751836,0,68.57514524459839
156.93410024293314,0,68.65048217773438
157.28530395645402,0,68.72762322425842
150.29703113808452,0,68.9052221775055
154.0695862198089,0,69.01115918159485
156.01886181217662,0,69.1875171661377
156.7768167033622,0,69.32335424423218
155.44230396563555,0,69.42760920524597
155.21767568302994,0,69.5186071395874
155.28136665209118,0,69.57914328575134
155.531942288966,0,69.64120316505432
155.71452429560813,0,69.7079222202301
156.32368197310797,0,69.77704119682312
155.76412656328688,0,69.84041810035706
155.02116844978607,0,69.90767312049866
147.43619683709957,0,69.9736270904541
145.88090992239626,0,70.05153298377991
153.6733975234453,0,70.11253023147583
148.73403182188463,0,70.1756112575531
147.77458662570115,0,70.2411561012268
151.37409166301308,0,70.31292009353638
150.5404094990618,0,70.39037203788757
155.81139113737524,0,70.51973605155945
157.8321713459602,0,70.64562034606934
157.07126591720768,0,70.72203803062439
150.30659583530593,0,70.80804395675659
148.1408791883683,0,70.87537217140198
148.10702792977438,0,71.00812530517578
148.804838505344,0,71.07872724533081
147.69923402046928,0,71.16325116157532
146.29980701201194,0,71.2539451122284
143.85648466275393,0,71.35966324806213
142.8902169522808,0,71.452632188797
142.61278101840674,0,71.55081415176392
141.07335475456247,0,71.64545106887817
141.5127000224205,0,71.71295118331909
141.66778684648824,0,71.77795195579529
141.80655968027014,0,71.83964419364929
142.22098299636778,0,71.91024518013
143.57659966604524,0,71.97393298149109
143.46491303889374,0,72.03994011878967
143.59215507558673,0,72.10551118850708
144.28502658932135,0,72.172208070755
144.9318772694162,0,72.23916220664978
144.65218108275454,0,72.30500030517578
144.19391422193308,0,72.37281107902527
144.5255782198871,0,72.44209408760071
143.80935131289664,0,72.50625610351562
143.50417762005108,0,72.57220506668091
142.93647483045123,0,72.63926291465759
142.83104793102527,0,72.70815515518188
142.36088468944862,0,72.77173399925232
142.3829882305063,0,72.84041333198547
142.2679901655309,0,72.90756607055664
142.26632347618929,0,72.97265815734863
142.94988309188554,0,73.0387282371521
143.19372348635997,0,73.10440111160278
143.19372348635997,0,73.1719160079956
143.55472831118044,0,73.23874092102051
144.54727413188004,0,73.30474424362183
143.7592863931944,0,73.37351703643799
142.41194774282576,0,73.4394359588623
143.36037397048372,0,73.50618600845337
143.4617048239976,0,73.57782292366028
143.9309228681974,0,73.65907311439514
143.1895503868616,0,73.74598813056946
144.35789502199256,0,73.81764197349548
145.29189627883804,0,73.91327619552612
144.36531136342097,0,73.97875213623047
143.9398108365668,0,74.05453205108643
142.47909931598105,0,74.16248226165771
142.05050071644683,0,74.26040005683899
141.95910019937887,0,74.35238599777222
142.21424436019686,0,74.4444580078125
142.18572041839022,0,74.50933814048767
143.4863971750431,0,74.57086825370789
143.39081888303787,0,74.6603651046753
144.44424117580206,0,74.74937915802002
145.0587491772095,0,74.85536217689514
146.5004628319718,0,74.9377851486206
146.24962998925372,0,75.00397109985352
145.73244098170534,0,75.07167410850525
144.92548311819735,0,75.13902425765991
144.0042812085171,0,75.20592617988586
143.17620016847178,0,75.2796700000763
142.1256730491071,0,75.36925721168518
141.48021047869176,0,75.43936514854431
141.68421557232818,0,75.5055160522461
142.91770006668253,0,75.5727391242981
143.81872589076767,0,75.64258933067322
143.3200419668716,0,75.71124315261841
143.24686088761013,0,75.84722518920898
142.30025111554025,0,75.99726104736328
143.3933643171121,0,76.13647818565369
143.7743611245897,0,76.23778200149536
142.7309035343721,0,76.31229019165039
141.93853751411734,0,76.37293410301208
142.45929365010946,0,76.43792819976807
141.91045735239982,0,76.50831317901611
141.61832214626347,0,76.5711600780487
141.01629625458312,0,76.63840007781982
142.13299515117765,0,76.70406222343445
142.0955161971778,0,76.77145528793335
141.74462582531785,0,76.83784127235413
140.10691262463402,0,76.90453720092773
142.81661687863547,0,76.97059607505798
146.6714828273874,0,77.03628516197205
151.06110229304238,0,77.10384106636047
153.38926782693326,0,77.17116212844849
158.4474730571991,0,77.23955297470093
160.38284691221526,0,77.30688095092773
159.63334909385674,0,77.3730800151825
157.00853531056214,0,77.43754529953003
156.25917841065197,0,77.5037350654602
158.16285252053922,0,77.57038307189941
159.49378568251706,0,77.63820314407349
159.5789170030128,0,77.76279020309448
159.7522627073867,0,77.8411271572113
160.75845403376886,0,77.90474224090576
160.27951024975562,0,77.9702820777893
160.5398227152796,0,78.03616094589233
160.13798525370865,0,78.10365319252014
160.13798525370865,0,78.17182517051697
160.04202864023745,0,78.23922514915466
159.8965283138416,0,78.30488705635071
158.4055383543415,0,78.36921811103821
158.4150167124149,0,78.43693733215332
158.07408387939435,0,78.50387716293335
158.59581735710043,0,78.57023215293884
158.36350967671035,0,78.68938708305359
159.65399771957857,0,78.77205014228821
159.19703620797858,0,78.83600521087646
159.16961244472736,0,78.90397906303406
159.38354592010964,0,78.97040319442749
158.50487109640295,0,79.03657126426697
157.5208395477884,0,79.10336828231812
157.2831977633916,0,79.16905903816223
157.01432588251856,0,79.2362732887268
157.00621566920523,0,79.3034873008728
156.01518836401291,0,79.36936712265015
156.88667384494525,0,79.43863701820374
156.5746008547364,0,79.50436305999756
156.3315246845156,0,79.57033324241638
154.70605029400792,0,79.63916897773743
154.8052214839707,0,79.70342016220093
154.99213955825962,0,79.77138113975525
155.29690513273218,0,79.83817601203918
155.7332006267165,0,79.90226817131042
155.36428546646493,0,79.96917915344238
155.46680228580038,0,80.03506517410278
155.32630768549487,0,80.10209512710571
155.1125237326571,0,80.1708312034607
155.40846987631295,0,80.23625898361206
155.3235847608931,0,80.30568313598633
155.70407898501566,0,80.36926221847534
155.36484755494868,0,80.44313430786133
155.45719302127202,0,80.50215601921082
155.21032611602575,0,80.56880521774292
154.65167034286364,0,80.64095211029053
155.32539658457878,0,80.70545315742493
152.2167003848927,0,80.7688639163971
151.94579931422086,0,80.84343910217285
153.35187758630414,0,80.90587520599365
153.46600659920082,0,80.97171115875244
154.67991913784513,0,81.03653717041016
154.64468620713174,0,81.10973906517029
155.57887361769156,0,81.1703622341156
155.4325051220682,0,81.23956203460693
155.4650785770603,0,81.31910920143127
155.24498871857486,0,81.40257406234741
155.3060761257732,0,81.47135615348816
155.29535427716266,0,81.53656697273254
154.6218757712463,0,81.60376334190369
154.60205856807835,0,81.67941617965698
154.86183662767266,0,81.73905301094055
154.39256526197605,0,81.80304002761841
154.581502176688,0,81.8774299621582
154.23477605033804,0,81.93420004844666
154.02684005663562,0,82.00120806694031
154.45076302625188,0,82.0784010887146
154.22627102574168,0,82.13589024543762
153.66652822085354,0,82.20581817626953
153.15446438143564,0,82.27257323265076
152.8756113008343,0,82.33489108085632
152.79660926716005,0,82.40117406845093
153.1823158842129,0,82.46934294700623
153.23113773261952,0,82.53910803794861
153.4164366769174,0,82.60631394386292
153.44375407558252,0,82.66856813430786
154.4400348281762,0,82.73556518554688
155.48941478249597,0,82.80177617073059
155.86309419016882,0,82.86802506446838
156.84387526261756,0,82.94661021232605
157.71036783874771,0,83.00685405731201
157.76823980223872,0,83.08500599861145
156.89285044603773,0,83.20102119445801
156.2542631495099,0,83.27665400505066
155.23669031322197,0,83.33476710319519
155.37278858836314,0,83.46314811706543
154.6571372139951,0,83.64143991470337
154.06933353206927,0,83.83736610412598
154.10402575201172,0,83.94342803955078
154.8069931044727,0,84.04125905036926
154.56112143659962,0,84.21402430534363
153.46421103136112,0,84.37744307518005
152.0988549859646,0,84.56335997581482
151.4037912592741,0,84.70603108406067
151.11801759459442,0,84.81422519683838
150.8991467845102,0,84.93664932250977
150.3341994815019,0,85.02188110351562
150.1202677077899,0,85.13634014129639
149.5547554791104,0,85.23391819000244
149.32010371929175,0,85.3527021408081
149.50855054611318,0,85.45729207992554
149.5315820400255,0,85.55645513534546
149.9688957774953,0,85.64786100387573
150.06086864292308,0,85.74542999267578
149.62857596590953,0,85.81509399414062
149.29660925426518,0,85.90199017524719
149.0719343558639,0,85.96786308288574
149.0258988688129,0,86.03398394584656
148.566317218752,0,86.09932613372803
149.03739601063717,0,86.17752504348755
149.42660026843052,0,86.23221921920776
149.91149901478994,0,86.29997897148132
150.11619082933825,0,86.37228727340698
152.04837346051536,0,86.43351817131042
152.27950542661486,0,86.50046825408936
152.45524862881712,0,86.56738090515137
152.78876098282532,0,86.63306713104248
152.73272539958526,0,86.7007212638855
152.90046761300607,0,86.76842427253723
152.90046761300607,0,86.84214234352112
153.04263770447727,0,86.90024018287659
152.8700372841421,0,86.96641516685486
152.30825716347496,0,87.03387999534607
152.19333947478353,0,87.09953212738037
151.44691117792135,0,87.17081212997437
151.4002197862357,0,87.23639822006226
152.0540559920067,0,87.30068612098694
152.33520923270527,0,87.37081599235535
153.59434486457744,0,87.44384002685547
153.17944089843712,0,87.4998300075531
153.00160009144346,0,87.56837010383606
153.03415909447685,0,87.65082311630249
153.17944089843712,0,87.718590259552
153.54727640238178,0,87.80110621452332
153.52395970948885,0,87.86753726005554
153.50832002184632,0,87.93321228027344
153.23302620686323,0,88.00153613090515
153.23302620686323,0,88.06938123703003
152.91372037457697,0,88.13752508163452
152.7869975854098,0,88.19987297058105
152.96122377177505,0,88.26746535301208
153.11234127019142,0,88.33523416519165
154.50830586247397,0,88.40089416503906
154.99577124207116,0,88.4724850654602
154.84328774972906,0,88.53637409210205
154.50830586247397,0,88.61404633522034
154.11583296102265,0,88.70781898498535
154.67625524323734,0,88.77533626556396
154.2836997481398,0,88.84954714775085
154.45064838658692,0,88.94157528877258
154.78030460208063,0,89.00768518447876
154.9114002199654,0,89.07479810714722
154.73392753453336,0,89.14610314369202
154.69910630216106,0,89.21118426322937
154.23356126852838,0,89.27398800849915
153.73645242677642,0,89.35879492759705
153.18408767073672,0,89.43382215499878
153.27125305017708,0,89.50830912590027
153.21927448177263,0,89.63119220733643
153.45527069878523,0,89.71735501289368
153.45527069878523,0,89.84746527671814
152.92864990597178,0,89.95723628997803
152.98146699928634,0,90.0510802268982
153.383985278868,0,90.14169430732727
153.62357915139754,0,90.20669317245483
153.08856118304243,0,90.27563619613647
153.08856118304243,0,90.33395028114319
153.84832594818735,0,90.40025520324707
153.66052159255608,0,90.46606731414795
153.4865317750113,0,90.53330206871033
153.23678279786688,0,90.60992813110352
153.4765351102407,0,90.70647406578064
153.50923962256,0,90.77010035514832
153.96817465190134,0,90.83281517028809
153.8435833501258,0,90.90241622924805
153.4622927471185,0,90.97268199920654
153.393860277259,0,91.03135514259338
153.60448059794868,0,91.1004741191864
153.7928039288662,0,91.16468405723572
153.6479407043573,0,91.23268723487854
152.9234678178434,0,91.2982702255249
151.3763463880546,0,91.36633706092834
151.2675348466778,0,91.43987607955933
151.65413107094287,0,91.58387398719788
153.5596208228003,0,91.67120718955994
154.49358146292082,0,91.73815703392029
150.55653958690962,0,91.81202030181885
143.72096517007193,0,91.90071225166321
147.11586680648276,0,91.96946501731873
153.58753376050626,0,92.0374481678009
157.11348627768908,0,92.13072919845581
154.22824871496698,0,92.23154520988464
157.69551040074566,0,92.31538200378418
156.95004112667985,0,92.40327501296997
157.30756071602866,0,92.47745108604431
158.2075398011103,0,92.53325414657593
156.85829562117604,0,92.60366201400757
155.62908226929412,0,92.66550707817078
155.62908226929412,0,92.74920606613159
155.11621311657194,0,92.84562611579895
155.91998461487614,0,92.9382393360138
155.60283910214312,0,93.00026226043701
155.59776101602478,0,93.06615018844604
155.07381168521275,0,93.13093304634094
155.0923975518703,0,93.19900417327881
154.72518194831437,0,93.26558017730713
154.75105744445588,0,93.33107709884644
154.3467202054963,0,93.39781403541565
154.3600159461719,0,93.46570205688477
154.55932056553948,0,93.55157709121704
154.4772692143758,0,93.63390517234802
154.70384207464775,0,93.69827508926392
155.67639678733443,0,93.76992917060852
155.81531134178803,0,93.83206820487976
156.27589252230686,0,93.90388298034668
156.25444355823015,0,93.96618413925171
156.37800764949216,0,94.0360381603241
156.42004289687287,0,94.11964011192322
156.0731870977184,0,94.20242714881897
154.0656235078356,0,94.26893019676208
152.7011684509108,0,94.32978105545044
151.92844501500386,0,94.40342712402344
151.62338063548304,0,94.46439218521118
151.94169404754888,0,94.5316390991211
150.8789592448158,0,94.59850430488586
155.3930316081916,0,94.66364121437073
155.52607747966763,0,94.73199725151062
154.76827569187188,0,94.79658532142639
157.95399688117152,0,94.8687641620636
158.01290060303174,0,94.93046307563782
157.94086824695773,0,94.9989070892334
157.7783994473198,0,95.06216430664062
158.06173829946883,0,95.13207125663757
158.07500576735896,0,95.1984372138977
159.04701328009932,0,95.26483035087585
160.24071120152777,0,95.3288061618805
160.19180757422956,0,95.39824724197388
159.5037301531476,0,95.46442413330078
158.74927913810845,0,95.53066420555115
159.26667046699646,0,95.59835314750671
159.59340354067652,0,95.66255307197571
160.40263238381422,0,95.73193597793579
158.46793132464518,0,95.79835104942322
158.46146934832973,0,95.86454010009766
157.70040043922845,0,95.93151521682739
158.89792128306232,0,95.99798822402954
158.0698094161582,0,96.0650281906128
157.99514430427928,0,96.13070011138916
159.12036559390302,0,96.19803524017334
159.03501926972345,0,96.26463103294373
157.8241766331344,0,96.33143019676208
155.91697775373288,0,96.39710831642151
154.35284426175065,0,96.46579623222351
148.40107277733952,0,96.53098917007446
146.57569506671817,0,96.59731316566467
144.8276628715352,0,96.66419315338135
150.70242170628023,0,96.73015403747559
147.86550375551045,0,96.79686117172241
150.41878309766474,0,96.86467814445496
151.1262295281602,0,96.93087410926819
149.49006398089028,0,96.9952621459961
148.90103317708176,0,97.06541895866394
143.77783222445998,0,97.12996196746826
138.05468325208494,0,97.19796395301819
137.71303960327512,0,97.26544308662415
140.9434119801699,0,97.33450412750244
144.29590339942763,0,97.4009211063385
147.65745065115385,0,97.46617603302002
146.93001057211345,0,97.53380608558655
147.13380575074186,0,97.59718012809753
148.05383787294514,0,97.66601228713989
148.36822826414695,0,97.73048496246338
148.5520162811551,0,97.79525303840637
147.54981227096485,0,97.86237812042236
152.0901739056687,0,97.92860007286072
148.21887471091262,0,97.99874711036682
148.44286765683037,0,98.06277918815613
149.91512417054892,0,98.13171029090881
149.2601789310096,0,98.19566416740417
147.23712453845476,0,98.2645092010498
147.21233342735334,0,98.32791495323181
146.42478526867905,0,98.39800596237183
148.8659135721777,0,98.46627020835876
150.88207756120443,0,98.5724573135376
152.19681288441907,0,98.67532896995544
152.5273466412429,0,98.7742850780487
153.50114641041728,0,98.89552402496338
151.48634485244,0,98.98486924171448
140.2274665469883,0,99.08343410491943
128.5889127999838,0,99.1790120601654
113.920837252105,0,99.27569317817688
102.78331560162543,0,99.37657523155212
112.61186818380335,0,99.46820712089539
129.2622653299436,0,99.53827714920044
133.43221628364225,0,99.6122989654541
138.03921442909402,0,99.7218611240387
136.63969640650734,0,99.81199312210083
136.09741628355934,0,99.90179300308228
136.03095498679025,0,99.97206926345825
137.31106197444555,0,100.04193925857544
136.0561159894568,0,100.13636827468872
136.01601927093833,0,100.2174220085144
130.40372083802058,0,100.32362794876099
129.81669295234016,0,100.42220520973206
131.11039517298386,0,100.51018524169922
132.04269351460118,0,100.6004991531372
133.53029129336858,0,100.6662220954895
134.06072690292288,0,100.73371624946594
133.51186928745503,0,100.80808019638062
134.80297406051884,0,100.90202021598816
134.50592371840736,0,100.96081209182739
134.55859589218937,0,101.0288782119751
129.74421452008522,0,101.09415698051453
129.57137226965023,0,101.16072106361389
124.5837715672242,0,101.22807335853577
126.53830835039483,0,101.29717707633972
126.17077421220098,0,101.36025714874268
127.4205188826066,0,101.42877721786499
128.9975679621489,0,101.49395418167114
128.54615652255976,0,101.56174421310425
128.62062739672243,0,101.62934613227844
129.174309668757,0,101.6943690776825
127.99937924583612,0,101.76147723197937
123.8639256808484,0,101.82878518104553
124.45324684551436,0,101.89354705810547
125.38553248701727,0,101.95994806289673
125.25381768794443,0,102.02815508842468
125.403358619718,0,102.09454894065857
124.71324332207023,0,102.16244602203369
126.79917522715947,0,102.22857117652893
129.85497664328534,0,102.29715418815613
130.59996454619917,0,102.36077427864075
133.0323383072163,0,102.42738604545593
133.56838044982615,0,102.49584913253784
134.033780706318,0,102.56188106536865
134.2885588635712,0,102.6303300857544
133.22072595354427,0,102.69298028945923
132.51760966633447,0,102.75967621803284
133.28906026539764,0,102.82580399513245
134.8653195409801,0,102.89315414428711
134.6494330853913,0,102.96272301673889
136.40046820235872,0,103.02636408805847
136.56233920071944,0,103.09289693832397
136.59237839238776,0,103.15967202186584
137.01506042681905,0,103.2479133605957
137.51420069563125,0,103.32758498191833
137.15078500685772,0,103.39365029335022
136.71420177755365,0,103.4605040550232
137.11180629135717,0,103.52828407287598
136.6014003641154,0,103.59439516067505
137.13507217983368,0,103.67198014259338
133.20321388937373,0,103.73927807807922
133.54762612990265,0,103.82950234413147
134.1235666247007,0,103.894935131073
138.320127773074,0,103.96492218971252
137.97343071876944,0,104.0380630493164
138.6372764364963,0,104.0928099155426
140.45550073872772,0,104.16127824783325
140.43986130539787,0,104.2282280921936
139.21937235992124,0,104.29269599914551
136.62075860691635,0,104.35995411872864
134.41176090173022,0,104.42572617530823
134.1254628694411,0,104.49356532096863
133.7371542585451,0,104.56115293502808
133.14578749205273,0,104.62731623649597
133.27188182403322,0,104.694167137146
132.91057730761733,0,104.76217699050903
133.60567752890339,0,104.83513808250427
134.61446877392635,0,104.89328932762146
136.62899285753065,0,104.96315622329712
135.05001812741872,0,105.02569603919983
135.05001812741872,0,105.09364128112793
134.66688875607863,0,105.16246128082275
133.8360734336768,0,105.22559714317322
134.13399335265598,0,105.29454302787781
133.64909617870074,0,105.36280417442322
133.1457081317892,0,105.4275381565094
133.50597840745922,0,105.49151515960693
133.88639939056694,0,105.56110525131226
135.98255808430582,0,105.62794709205627
135.53905175816107,0,105.69487524032593
135.15473902340455,0,105.76031923294067
135.39273766487887,0,105.82768106460571
138.170588317612,0,105.891606092453
139.6979967290187,0,105.9612832069397
139.3496301861971,0,106.02664923667908
140.49150059516631,0,106.09441924095154
140.70788319013622,0,106.16131520271301
141.4134997409399,0,106.2251513004303
141.56077157504777,0,106.29450798034668
139.85295018153084,0,106.35770535469055
139.07124879872507,0,106.42718720436096
137.94600305905783,0,106.49397397041321
135.02712868145426,0,106.56072115898132
132.63750742421462,0,106.62728023529053
130.30614339237425,0,106.69343304634094
131.5055537130303,0,106.75990414619446
131.41392186597415,0,106.82613015174866
131.38051943245554,0,106.89357614517212
130.1714472432513,0,106.96047520637512
130.27149953673813,0,107.02697920799255
129.04749569120847,0,107.09363913536072
128.92314253360618,0,107.16046905517578
129.86683162236037,0,107.22680616378784
130.34654027871952,0,107.29356217384338
133.37502364247524,0,107.36047315597534
132.99475995923765,0,107.42476916313171
133.35808407704687,0,107.4933180809021
133.47859779303045,0,107.55820512771606
136.03175340543547,0,107.6276421546936
135.84799835072985,0,107.69131898880005
136.64774377476292,0,107.75757718086243
136.98076514576263,0,107.82502007484436
137.27230371251508,0,107.89264011383057
138.5387129164648,0,107.95895719528198
141.42087632983177,0,108.02515816688538
145.81708557415362,0,108.09140610694885
145.19132245559507,0,108.158034324646
144.4645452364745,0,108.22379326820374
143.63428770681048,0,108.29302906990051
146.0067344184099,0,108.3586630821228
140.41206866781636,0,108.42498111724854
135.41087205932394,0,108.4931173324585
137.5756302360344,0,108.55975914001465
137.31602105995964,0,108.62664604187012
136.7681361062491,0,108.69241428375244
137.3788722235236,0,108.75794911384583
138.0163444081325,0,108.82617902755737
139.4082674540806,0,108.89298725128174
139.51828712803794,0,108.95973706245422
139.5674700495882,0,109.02617907524109
140.16745003954253,0,109.09180212020874
139.1664712726468,0,109.15888524055481
137.0550205309588,0,109.22609519958496
134.50822165609875,0,109.29291415214539
137.1835866992066,0,109.35875821113586
138.21060074409385,0,109.42391395568848
136.79475029935622,0,109.49209904670715
133.15028104956338,0,109.55943012237549
131.74492443559413,0,109.62340712547302
130.37245116161515,0,109.69270920753479
130.03279727217654,0,109.75900912284851
129.26343994128885,0,109.82647228240967
129.78722442922046,0,109.89145612716675
129.69617995867168,0,109.95943713188171
130.34726287526829,0,110.02541303634644
132.06654383765195,0,110.0903480052948
132.1632479907838,0,110.15877294540405
132.51261597603946,0,110.2257251739502
132.63347103596547,0,110.2922511100769
132.62368957497188,0,110.35788798332214
134.19664610528645,0,110.42287421226501
134.68054585315343,0,110.4932050704956
134.56693876768833,0,110.55829405784607
134.566838197738,0,110.62572002410889
133.8612422504983,0,110.691730260849
133.48293449978414,0,110.75605511665344
133.84044002861694,0,110.82568216323853
132.86569509013623,0,110.8916289806366
134.09081677683275,0,110.97187089920044
136.11798980132315,0,111.0585629940033
137.18949270733222,0,111.12563824653625
137.77504704489033,0,111.19011092185974
139.28466247485642,0,111.25840997695923
139.15554332063905,0,111.32246112823486
139.63187148526578,0,111.39253115653992
139.78622671097418,0,111.45862698554993
140.21138572106818,0,111.52354407310486
140.46047528234692,0,111.59869003295898
140.56246970399002,0,111.6566252708435
140.2557095493209,0,111.72230124473572
140.0550418802016,0,111.79217314720154
140.3670842561083,0,111.85828518867493
140.96662441315505,0,111.92457604408264
141.19038979343344,0,111.98915815353394
141.544615859899,0,112.05890607833862
141.426256146514,0,112.12288522720337
141.41692322639773,0,112.19929122924805
141.64819524079581,0,112.2555902004242
141.6711073858466,0,112.3253722190857
141.3088034301832,0,112.39164113998413
141.34523596763393,0,112.45789217948914
140.81223824221104,0,112.52501606941223
140.69879111393917,0,112.6030330657959
140.59428948195674,0,112.65492916107178
139.60193294715202,0,112.7241530418396
139.97772194748887,0,112.79059910774231
139.73958508850848,0,112.85755109786987
139.9859876226367,0,112.92203903198242
140.32307146303398,0,112.99175500869751
139.95988423766684,0,113.05709218978882
139.58565313860038,0,113.1281430721283
139.19471105801233,0,113.19445824623108
140.28725676269693,0,113.25748014450073
141.19663721189607,0,113.32270097732544
141.26251450252502,0,113.39146709442139
141.25084969901448,0,113.45546412467957
142.00077752064982,0,113.53067898750305
142.50860713778764,0,113.58890795707703
142.4009313416433,0,113.65834426879883
142.15467920775964,0,113.722323179245
142.3550343769865,0,113.78873610496521
142.1477413632071,0,113.85669922828674
142.57701785782174,0,113.92361426353455
142.43051818916706,0,113.98926997184753
142.62065948194754,0,114.05796813964844
142.73261571163695,0,114.15782618522644
143.0871384419803,0,114.24540901184082
143.06389000360795,0,114.33767604827881
143.26721766332193,0,114.42328333854675
143.14119973529034,0,114.48965311050415
143.25584811814824,0,114.55613732337952
144.3638324835274,0,114.62291121482849
144.36312700938848,0,114.6877932548523
145.53105811133216,0,114.76028800010681
145.25847099922404,0,114.8221161365509
145.75727497830727,0,114.89036202430725
145.7934774632529,0,114.95757222175598
145.06165149696383,0,115.02120804786682
145.20746410203708,0,115.09083223342896
146.07859141821808,0,115.15510392189026
145.6967175482005,0,115.22329902648926
146.22732576146788,0,115.28981614112854
146.31435925138243,0,115.35648918151855
146.41611882834155,0,115.42321920394897
146.78623162510408,0,115.48712491989136
146.40121898011398,0,115.556969165802
145.3310967448969,0,115.62489128112793
144.56436752007056,0,115.6902220249176
143.81674966678685,0,115.75624418258667
143.08335442062375,0,115.82348322868347
143.15438978156806,0,115.89033699035645
142.87905702898283,0,115.95686221122742
142.61710919229037,0,116.02368521690369
142.50159934435482,0,116.09001326560974
142.48448096149696,0,116.15409517288208
142.14496528772014,0,116.22078609466553
141.99136480213144,0,116.28923797607422
142.0926744406639,0,116.35651707649231
141.8451312184697,0,116.42309713363647
141.94391323589937,0,116.4896183013916
142.1702319889541,0,116.55703115463257
142.50539783488975,0,116.62198305130005
142.51360182113686,0,116.69048714637756
142.9854134897298,0,116.75661015510559
143.96803857913613,0,116.82325029373169
144.21593124369193,0,116.88968014717102
144.21024011380814,0,116.95493721961975
144.08746406360845,0,117.02397632598877
143.70524618478098,0,117.08743810653687
143.93370390830557,0,117.1567051410675
144.4083092340167,0,117.22306036949158
145.17477583259438,0,117.28954815864563
145.2624219473684,0,117.3532452583313
144.94826620316041,0,117.42291808128357
145.0941604025504,0,117.48799204826355
144.67975242736992,0,117.55693316459656
143.26957149481743,0,117.62033104896545
142.91818532873597,0,117.68659615516663
142.10184391397647,0,117.75618314743042
141.98114170106115,0,117.82076692581177
141.60845175711808,0,117.88944721221924
141.68854546688385,0,117.95424509048462
141.9786283579753,0,118.02038216590881
141.8474673340116,0,118.08769011497498
141.89861924038095,0,118.15277528762817
142.00380072836452,0,118.22333717346191
141.0497343806163,0,118.28783011436462
141.368182081336,0,118.35390520095825
142.18329071613567,0,118.41972923278809
142.53300960852982,0,118.48845219612122
142.22696602691738,0,118.55399107933044
141.99109149640975,0,118.61977815628052
141.95773151210784,0,118.6893413066864
142.20304201236365,0,118.75450420379639
142.06875807482538,0,118.82268214225769
142.49672964639865,0,118.88848209381104
142.71430912315552,0,118.95553207397461
143.18834221269537,0,119.03721022605896
142.99211754294268,0,119.12271904945374
143.2189372867947,0,119.18895626068115
143.054550457797,0,119.25228905677795
143.17355390484207,0,119.32202005386353
143.038571559868,0,119.38629603385925
142.5607786641345,0,119.45256614685059
142.07410111037092,0,119.52251625061035
142.1712460013694,0,119.58876705169678
142.26114480207568,0,119.69606113433838
141.40146935063112,0,119.75252604484558
140.34660617213248,0,119.82218527793884
139.62641227167907,0,119.88840436935425
138.52146900900686,0,119.95237231254578
137.67997609561186,0,120.0211923122406
138.45690427737674,0,120.08763003349304
138.57082039069027,0,120.15935015678406
139.4157273303626,0,120.22044110298157
140.8930389462621,0,120.2850170135498
141.48769039404056,0,120.35179114341736
142.46020398015656,0,120.42486715316772
143.41779132918396,0,120.48524737358093
143.81898085448825,0,120.55178117752075
143.55537639016603,0,120.61912512779236
144.01205930035255,0,120.68603110313416
144.1033155436929,0,120.75287008285522
144.11676309709745,0,120.81885623931885
144.17110033957331,0,120.88647222518921
144.22632890579655,0,120.95157599449158
144.31627827704014,0,121.01949000358582
144.43324534337987,0,121.08584594726562
142.5555350705348,0,121.15313911437988
142.5765807163384,0,121.22046303749084
142.44876602562874,0,121.2859902381897
142.36042498400127,0,121.35132122039795
142.3865012998214,0,121.41911816596985
142.86097042710176,0,121.48593711853027
142.85074291341974,0,121.55287027359009
142.96138935779848,0,121.62581706047058
143.88587420376297,0,121.69522023200989
145.17408314879285,0,121.75292634963989
145.40777199060955,0,121.81939721107483
144.8212451005542,0,121.88618898391724
144.80176521364064,0,121.95480418205261
144.78716396706457,0,122.01893019676208
144.78716396706457,0,122.08583331108093
144.80235819951605,0,122.15220212936401
144.80235819951605,0,122.21882009506226
144.23957768661177,0,122.28543829917908
144.11842581696231,0,122.35117626190186
144.58896489521484,0,122.41857719421387
144.25959261294338,0,122.48525619506836
144.1663744352504,0,122.55178809165955
144.0337135826351,0,122.62840914726257
143.80914129338626,0,122.68418717384338
143.79531094231442,0,122.75218605995178
143.88861079416012,0,122.81881213188171
144.39268987239723,0,122.88512921333313
144.37954946635395,0,122.95167517662048
144.50195914328376,0,123.01851797103882
144.4880865164649,0,123.08472418785095
144.14820357503478,0,123.15171194076538
144.38867728776856,0,123.21927499771118
144.61403520429684,0,123.28540015220642
144.9522787019871,0,123.35068106651306
145.0696641152438,0,123.41810297966003
144.62860977452686,0,123.48554706573486
144.19888507554919,0,123.55153918266296
143.7313482301444,0,123.61813020706177
143.49873373352818,0,123.68487501144409
143.36478663424995,0,123.75116109848022
142.4617088329276,0,123.82807922363281
141.9897167350009,0,123.89057612419128
141.76022380880949,0,123.95616507530212
141.4062677810298,0,124.02355122566223
141.15888118332109,0,124.08998703956604
142.00141383653104,0,124.15122413635254
142.00141383653104,0,124.22025227546692
142.00141383653104,0,124.2848949432373
141.7570013516838,0,124.35072302818298
141.8757588894203,0,124.4199070930481
141.80666740958048,0,124.48702001571655
141.3562812762211,0,124.55372524261475
141.34899822306173,0,124.61872935295105
141.22725100763074,0,124.6859540939331
141.48582915107187,0,124.7528760433197
141.56752982850304,0,124.81816124916077
141.68089503815293,0,124.88639211654663
141.76590839581957,0,124.9532082080841
141.65407488536232,0,125.01688599586487
141.89411554333222,0,125.08639001846313
142.36825306982246,0,125.15222716331482
142.23332066219115,0,125.21853423118591
142.1080545629488,0,125.28589010238647
142.21143701054993,0,125.3502631187439
142.21143701054993,0,125.41976809501648
141.88308085523988,0,125.48587703704834
141.78585537309053,0,125.5528621673584
141.80046804387757,0,125.61750817298889
142.42245997102592,0,125.6867470741272
142.79075033821476,0,125.75046801567078
143.03038013085816,0,125.817134141922
143.03498992573068,0,125.88568115234375
143.69594614265304,0,125.95577597618103
143.6846089136447,0,126.01881432533264
143.4208576518834,0,126.08330917358398
143.0697750327888,0,126.15265107154846
142.9242105117265,0,126.21682024002075
143.180337077294,0,126.28349733352661
143.04929192741724,0,126.35183095932007
142.91771625651228,0,126.4185540676117
143.04929192741724,0,126.48515105247498
143.04471263296298,0,126.55240797996521
143.3411504284108,0,126.61904001235962
143.23074250574663,0,126.68548202514648
143.11144379273364,0,126.75276112556458
142.8231489080999,0,126.81900310516357
142.4692575866718,0,126.88610911369324
142.33539193188426,0,126.95166897773743
142.45923293536103,0,127.01897811889648
142.84202004220322,0,127.08261704444885
143.08525848518582,0,127.14889121055603
143.54146909936466,0,127.21548318862915
143.68038834060306,0,127.28205108642578
143.67105375251518,0,127.35113906860352
143.27675842538514,0,127.41575407981873
143.38468153765018,0,127.48226714134216
143.51442049287016,0,127.55006408691406
143.9030794572882,0,127.61890506744385
144.03104393166598,0,127.68552112579346
144.03104393166598,0,127.75177431106567
144.03998586167572,0,127.8191921710968
143.59875664924417,0,127.88433933258057
143.48028398053046,0,127.95128417015076
143.61218801256143,0,128.01921010017395
144.3734129827773,0,128.084899187088
144.2498214502971,0,128.1516091823578
144.38063452525995,0,128.2189130783081
143.81930672526593,0,128.28456115722656
145.16366675301816,0,128.35171723365784
144.78299069322318,0,128.41780519485474
144.6221572404773,0,128.48549914360046
144.88322912229688,0,128.55125498771667
145.66636714560764,0,128.61698818206787
145.64795897385437,0,128.68456315994263
145.8663911722672,0,128.75171613693237
145.846178720572,0,128.81822109222412
145.86108535503587,0,128.88407802581787
147.00655707232457,0,128.9512162208557
146.67089623919904,0,129.01834797859192
146.58355777581585,0,129.08190631866455
146.4480694878235,0,129.15186405181885
146.57224545399927,0,129.21523714065552
146.16423402686473,0,129.28380012512207
145.57330194453834,0,129.3503532409668
144.16948450535787,0,129.41762709617615
142.72986155806046,0,129.48344802856445
142.65049189982602,0,129.55300307273865
141.9670286573842,0,129.6172022819519
141.6218052249117,0,129.68263602256775
142.01107353847559,0,129.75135612487793
141.3091979000511,0,129.81862711906433
141.67946046912485,0,129.88439512252808
141.8953707927851,0,129.95042610168457
143.24435474385157,0,130.01572704315186
144.34670698673244,0,130.08538007736206
145.49911717682104,0,130.148854970932
145.60354436285408,0,130.2167100906372
146.09980754696682,0,130.28181219100952
145.33992653995867,0,130.34795212745667
145.47927851950584,0,130.4173240661621
145.67196896791643,0,130.48403024673462
145.60979259789696,0,130.54969906806946
145.36641687087698,0,130.61638617515564
144.60984263977534,0,130.68128991127014
144.10653372008684,0,130.75112915039062
143.78188468201745,0,130.8171911239624
144.46861364688914,0,130.88398718833923
144.45206345019307,0,130.949627161026
146.24624152550064,0,131.01631999015808
147.2818917637468,0,131.08346796035767
146.10369667523307,0,131.15065598487854
145.8353582049984,0,131.2167673110962
144.7353501529501,0,131.28374123573303
144.18227650932693,0,131.34950494766235
144.1957382360545,0,131.4155421257019
144.54136276198784,0,131.4827582836151
143.9706054571608,0,131.54981398582458
143.4858160897313,0,131.61429405212402
143.01177303399152,0,131.68154001235962
142.88202447256825,0,131.74934220314026
142.66152166634333,0,131.81655716896057
142.1688137160811,0,131.8829002380371
141.94330027282803,0,131.95000505447388
141.94330027282803,0,132.0157721042633
142.30192273643294,0,132.082839012146
142.5456159071977,0,132.1493821144104
142.53913609682598,0,132.21682214736938
142.29001996975626,0,132.28232502937317
142.26748759551265,0,132.3502960205078
142.02940395619652,0,132.4160041809082
142.02940395619652,0,132.48299431800842
142.13479153724708,0,132.54902410507202
141.86638088698152,0,132.61604619026184
142.3772254953408,0,132.6831030845642
141.99023686233033,0,132.75020217895508
141.98352976175855,0,132.8171923160553
142.07358253524868,0,132.88301420211792
141.95555668356468,0,132.95494413375854
141.95555668356468,0,133.0155189037323
141.3804236868668,0,133.08321619033813
141.4883801635815,0,133.15017414093018
141.60604240064603,0,133.21593594551086
141.62245912051912,0,133.28302097320557
141.62245912051912,0,133.34990525245667
141.7401213575837,0,133.41643118858337
141.6290045482965,0,133.4828143119812
141.64514737338297,0,133.54694318771362
141.29386791183154,0,133.62755417823792
141.42600322664808,0,133.76741313934326
141.16822285007285,0,133.8506851196289
141.524309870355,0,133.91624116897583
141.64296610314574,0,133.98097920417786
141.74545810257146,0,134.0537462234497
142.09710756412525,0,134.11399006843567
142.7724138189804,0,134.18287110328674
142.52289024556308,0,134.24924111366272
143.61466932758003,0,134.31614422798157
143.26558049141337,0,134.38189792633057
143.46117933844604,0,134.4495301246643
143.16646186508888,0,134.5155692100525
143.4394068198629,0,134.58279395103455
146.48527597775626,0,134.650324344635
155.25906593662623,0,134.71499109268188
153.62180570139623,0,134.78318619728088
156.72654708714066,0,134.84792613983154
159.96059132906515,0,134.914644241333
161.17364581768084,0,134.98066520690918
161.88579766747608,0,135.04777908325195
162.00167252011482,0,135.11476707458496
161.73053657799625,0,135.18072819709778
161.91058363243178,0,135.2478802204132
161.68870304942644,0,135.31574702262878
161.22294825939483,0,135.38200211524963
160.73140261198506,0,135.44932508468628
160.33607205429342,0,135.51335215568542
158.79197122803222,0,135.58017420768738
157.00192702997757,0,135.6466522216797
155.29408828051882,0,135.71404004096985
155.0734754300051,0,135.77961015701294
154.52636216779058,0,135.84626412391663
154.00469090978018,0,135.91316723823547
153.72460830677372,0,135.98183226585388
153.75526962003295,0,136.04833722114563
153.74740697788462,0,136.11300206184387
153.53995191568796,0,136.18173098564148
153.15074945079786,0,136.24693131446838
152.50197182659977,0,136.31447219848633
152.47086554630073,0,136.37962222099304
152.4234448803029,0,136.4476442337036
152.65630458281865,0,136.51509308815002
152.8415877570578,0,136.57973313331604
153.14379416919354,0,136.6467571258545
153.21818603117873,0,136.71286511421204
153.0545145376409,0,136.78160405158997
153.0116616290822,0,136.850004196167
152.8191898487983,0,136.91460299491882
153.03339129868115,0,136.98237800598145
152.4353164160859,0,137.0484631061554
152.4741318597726,0,137.1162302494049
153.03216710760452,0,137.18182516098022
153.18495647551072,0,137.24890208244324
151.04147992276643,0,137.3146779537201
151.12769149053915,0,137.3805570602417
151.04892549307786,0,137.4488832950592
150.9814801049791,0,137.51421427726746
151.28365253186175,0,137.58351612091064
151.52465573276504,0,137.64671206474304
151.7548468397384,0,137.71289229393005
151.8573548272388,0,137.77938723564148
151.57737775866963,0,137.84581804275513
151.57737775866963,0,137.91339111328125
151.65245038566314,0,137.9801540374756
152.05279152386277,0,138.0459132194519
152.0726171144122,0,138.1129710674286
152.0726171144122,0,138.17961025238037
151.92766261144757,0,138.24564909934998
152.85831962213294,0,138.3129231929779
152.5487510023457,0,138.3800082206726
152.75367675623212,0,138.44613122940063
152.85463059382369,0,138.51276421546936
152.79654208536834,0,138.58127999305725
152.60496581536282,0,138.64746022224426
152.87542316802066,0,138.7142882347107
152.32246459218916,0,138.78072118759155
152.53804978345772,0,138.84748911857605
152.55848123916144,0,138.91293621063232
152.75019263767163,0,138.9787073135376
152.71230725691706,0,139.04512810707092
152.57235407148468,0,139.1120240688324
152.83512322606927,0,139.18165802955627
152.88113468336425,0,139.24761700630188
153.20175129597084,0,139.3136203289032
153.36283211580303,0,139.3792381286621
153.323769083804,0,139.44774913787842
153.88369895300772,0,139.51386713981628
153.72432882804833,0,139.57956504821777
153.68708704647065,0,139.64527416229248
153.55882296063655,0,139.71246004104614
153.38751720340457,0,139.77767324447632
153.0326031424525,0,139.84505009651184
153.30446860508565,0,139.9105930328369
153.24390439902015,0,139.97800421714783
153.1258383203956,0,140.045077085495
152.46961618153637,0,140.1129651069641
152.09329814491417,0,140.17946434020996
152.08287750973838,0,140.24640011787415
151.80519127283682,0,140.31358218193054
151.80519127283682,0,140.37888622283936
152.25244047170378,0,140.44491314888
151.89689947240504,0,140.51157307624817
151.66474309713485,0,140.57816696166992
151.9864387185008,0,140.6456582546234
152.5958321137817,0,140.71296000480652
152.56108094732232,0,140.7786660194397
152.35920124847985,0,140.84494423866272
153.18168967081928,0,140.91243410110474
153.250871267054,0,140.9783070087433
153.43816768693623,0,141.0449891090393
153.4108587724104,0,141.11139106750488
153.65359408670412,0,141.17993712425232
153.50526254213835,0,141.24477624893188
153.45616786125686,0,141.31069111824036
153.2390985435287,0,141.37958812713623
153.45050578190722,0,141.44450616836548
153.3228044997869,0,141.5132441520691
153.27938596999357,0,141.57784128189087
153.45510210366425,0,141.64653611183167
153.38951138522498,0,141.71006107330322
153.14549266683935,0,141.7797212600708
153.04932622592924,0,141.8466510772705
153.14756529485723,0,141.91423726081848
152.09603321346455,0,141.9780752658844
152.00308299330507,0,142.0440492630005
152.02940448961292,0,142.11157298088074
153.29081803384105,0,142.17751026153564
153.85447056968897,0,142.24614596366882
154.00473080772295,0,142.31132626533508
155.64553576401414,0,142.3771402835846
154.74715160605572,0,142.44654726982117
146.62276557769968,0,142.51241207122803
145.4859471722228,0,142.57925295829773
147.1654052132803,0,142.6429922580719
146.64795674995776,0,142.7097852230072
146.42432997295728,0,142.7786900997162
146.77892699135896,0,142.84492897987366
147.19567509851683,0,142.9128441810608
145.9763843420895,0,142.9771692752838
145.45499778925029,0,143.04616713523865
145.4961616983012,0,143.11276721954346
145.34434666797367,0,143.17687916755676
145.1715102107141,0,143.24297213554382
144.74288984281736,0,143.30975008010864
147.30060209369623,0,143.37625122070312
149.21150506163738,0,143.4455122947693
157.4885030547534,0,143.51265811920166
155.583933683791,0,143.5777850151062
154.18623458558992,0,143.64371514320374
156.91709460699994,0,143.70995211601257
158.07283639944947,0,143.7770791053772
157.7445281205697,0,143.84292912483215
157.1068437109119,0,143.93416714668274
157.89828994738664,0,144.18090534210205
158.02192669131634,0,144.35014414787292
158.88845898048348,0,144.4537651538849
158.87360725371067,0,144.52308821678162
159.3182986598054,0,144.61347198486328
159.23527584781382,0,144.6780412197113
159.07360676269013,0,144.7443392276764
158.95077424782346,0,144.8114879131317
159.27348947246477,0,144.87704229354858
159.84577963917138,0,144.9449851512909
160.14723306258608,0,145.00923323631287
159.82211029369697,0,145.07864427566528
160.30353832714235,0,145.1597020626068
160.46447606772995,0,145.2445991039276
160.14439873600543,0,145.30957627296448
160.50593139607926,0,145.37518906593323
160.50547547721564,0,145.4488492012024
